   0.9510293976134018E+00   -0.7094926181695435E-03   -0.1533036685966875E+00    0.4570378164470684E-03    0.5417991205374155E-01    0.8403632917775253E-03   -0.2011184681552486E-01   -0.6104174970235662E-03    0.5301654729494413E-02   -0.8156140589364526E-03    0.1387678926022799E-01   -0.1045761254261840E-02   -0.1199421651493074E-01    0.3336210522369909E-02    0.8326243634097043E-02   -0.9394382871880580E-03    0.2259695468543248E-02    0.6715592395491916E-03   -0.1585272280717023E-02    0.5761730127044982E-03
   0.1641968956838655E+00    0.0000000000000000E+00    0.9277716801816704E+00    0.1765467291563374E-02   -0.9650706612890028E-01   -0.1688732944507708E-02    0.2891449365342165E-01    0.1771289734216509E-03    0.1179778869145993E-01    0.2215924022541197E-02   -0.2506744263787893E-01    0.1020802751453657E-02   -0.1343993762889960E-01   -0.2531706524755602E-04    0.2946188339305803E-01   -0.4375352949009554E-04   -0.1470054571743525E-01    0.1017104885537815E-02   -0.1355565267509041E-01   -0.3040242075155999E-02
   0.0000000000000000E+00    0.0000000000000000E+00    0.1294295272214236E+00    0.0000000000000000E+00    0.9327951759863338E+00    0.1677020538020507E-02   -0.9075849748562620E-01   -0.1977930221581994E-02   -0.2810448997396679E-01    0.3267904564391165E-02    0.8598067289893113E-01   -0.2758632792564497E-02    0.9995650821996126E-03    0.9963338116719225E-03   -0.5436071048594460E-01   -0.5840031271208586E-03    0.3831222575810796E-01   -0.9703452071323300E-03    0.1444116902455525E-01    0.1211156314240444E-02
   0.0000000000000000E+00    0.0000000000000000E+00    0.0000000000000000E+00    0.0000000000000000E+00    0.1597819052617790E+00    0.0000000000000000E+00    0.8401642741248840E+00   -0.5339179631768326E-03    0.6013090936341898E-01    0.4494621881068892E-02   -0.2089175768249628E+00    0.9079112047936195E-03    0.5196504016552596E-01   -0.3402164908612631E-02    0.6784887365455410E-01   -0.6806947621196321E-03   -0.7512571903702918E-01    0.2786863177425449E-02   -0.7056998248137511E-02    0.1354190076146945E-02
   0.0000000000000000E+00    0.0000000000000000E+00    0.0000000000000000E+00    0.0000000000000000E+00    0.0000000000000000E+00    0.0000000000000000E+00    0.2807171210461476E+00    0.0000000000000000E+00    0.4908926616141666E+00   -0.1927442075883544E-03    0.3048946035073836E+00   -0.1818775570180927E-02   -0.1322222458078828E+00    0.2289914434594995E-02    0.8405369072063986E-02    0.1046588227078026E-02    0.4429522633822038E-01   -0.2854535454052726E-02    0.3130076796874763E-02   -0.3608897916919523E-02
   0.0000000000000000E+00    0.0000000000000000E+00    0.0000000000000000E+00    0.0000000000000000E+00    0.0000000000000000E+00    0.0000000000000000E+00    0.0000000000000000E+00    0.0000000000000000E+00    0.4409981235666421E+00    0.0000000000000000E+00    0.5471623311689126E+00   -0.1546005950084322E-02    0.8458920101160929E-01   -0.1715288360716221E-02   -0.9981556316091966E-01   -0.3867392800342884E-03    0.5280536597868082E-01    0.1768870754085366E-02    0.2520613185693420E-01   -0.1718383716106708E-02
   0.0000000000000000E+00    0.0000000000000000E+00    0.0000000000000000E+00    0.0000000000000000E+00    0.0000000000000000E+00    0.0000000000000000E+00    0.0000000000000000E+00    0.0000000000000000E+00    0.0000000000000000E+00    0.0000000000000000E+00    0.2748334113322440E+00    0.0000000000000000E+00    0.6536859949778148E+00   -0.2744775285598746E-02    0.1642354270794945E+00   -0.5198256952933505E-03   -0.1631154779679356E+00    0.1363466054829264E-02    0.2396848389000601E-01    0.7177463853934550E-03
   0.0000000000000000E+00    0.0000000000000000E+00    0.0000000000000000E+00    0.0000000000000000E+00    0.0000000000000000E+00    0.0000000000000000E+00    0.0000000000000000E+00    0.0000000000000000E+00    0.0000000000000000E+00    0.0000000000000000E+00    0.0000000000000000E+00    0.0000000000000000E+00    0.3531423252931279E+00    0.0000000000000000E+00    0.5918965675668559E+00    0.2615611567116864E-02    0.1004543120000877E+00    0.7049237872695097E-03   -0.1133069013696969E+00    0.1329542481752245E-03
   0.0000000000000000E+00    0.0000000000000000E+00    0.0000000000000000E+00    0.0000000000000000E+00    0.0000000000000000E+00    0.0000000000000000E+00    0.0000000000000000E+00    0.0000000000000000E+00    0.0000000000000000E+00    0.0000000000000000E+00    0.0000000000000000E+00    0.0000000000000000E+00    0.0000000000000000E+00    0.0000000000000000E+00    0.3225027084092184E+00    0.0000000000000000E+00    0.6502841323206647E+00   -0.2384028977367909E-02    0.1530456894741690E+00   -0.4872556324917638E-02
   0.0000000000000000E+00    0.0000000000000000E+00    0.0000000000000000E+00    0.0000000000000000E+00    0.0000000000000000E+00    0.0000000000000000E+00    0.0000000000000000E+00    0.0000000000000000E+00    0.0000000000000000E+00    0.0000000000000000E+00    0.0000000000000000E+00    0.0000000000000000E+00    0.0000000000000000E+00    0.0000000000000000E+00    0.0000000000000000E+00    0.0000000000000000E+00    0.3530859857516833E+00    0.0000000000000000E+00    0.5076728457989890E+00   -0.1220790563012019E-02
