  -0.3590746230686838E-01   -0.7821255184943122E-03   -0.1648608309571137E+00    0.5029180121143601E-03    0.4955628647847424E-01    0.9250894691379282E-03   -0.1595676320887910E-01   -0.1405650928710188E-02   -0.6118976639533525E-03    0.2399532978976768E-02    0.2134407369757559E-01   -0.4923585124691639E-02   -0.2818052348932062E-01    0.6659957467238822E-02    0.2805088572144152E-01   -0.3994873599919227E-02   -0.9939848112679487E-02    0.2898642420441231E-02    0.1689208952479688E-02   -0.8766358219973480E-03
   0.1722852616634297E+00   -0.1014175934475557E-03   -0.5321161884814346E-01    0.1914879362631507E-02   -0.1090064102133071E+00   -0.1504780056115475E-02    0.2414499452987982E-01   -0.1085402705488954E-02    0.2236680813717283E-01    0.4949614131636552E-02   -0.2659472587358003E-01   -0.1235811226380129E-02   -0.2220350376309815E-01    0.1301369379901285E-02    0.3832161458608992E-01   -0.1771004893676856E-02   -0.1864789345371243E-01    0.3052512919841169E-02   -0.1023558342020850E-01   -0.5167690852234960E-02
  -0.1181653623313377E-01    0.3558366249629257E-04    0.1368474474389026E+00   -0.3341805184432863E-03   -0.5757084142632921E-01    0.2578795775777702E-02   -0.7224248684481988E-01   -0.5573933197211703E-02   -0.1295791618497422E+00    0.1379597528913297E-01    0.1728782168935759E+00   -0.1359474062046165E-01   -0.1821065459132425E-01    0.6898764490665519E-02   -0.5567024030471785E-01   -0.3429628617050590E-02    0.4000041920159145E-01   -0.5213287176056352E-03    0.1070251611271972E-01    0.1348169452321897E-02
   0.1823619016626336E-02   -0.1224080662362884E-05   -0.1481502746478334E-01    0.1780813300010761E-04    0.1980733901536700E+00   -0.4134944511708684E-05   -0.2973262558049864E+00   -0.1817396933585372E-02    0.5049904631045227E+00    0.7129501623361668E-02   -0.6688994656748560E+00    0.1011771550712003E-02    0.2530436872485821E+00   -0.5404970853397022E-02   -0.2776149664689391E-01   -0.2350437323426766E-02   -0.3464867511371716E-01    0.5490465311896673E-02   -0.2479884299768899E-01    0.1836102012950301E-02
  -0.1551520859654610E-02    0.8504511907018021E-05    0.1024274897619732E-01   -0.5869729043686940E-04   -0.9069538348102646E-01    0.3304622319515335E-03    0.7517358482305615E+00   -0.1045730788564988E-02   -0.1829402223485061E+01    0.3613085900534274E-02    0.1632834715989232E+01   -0.1166222262503844E-01   -0.8460138832378000E+00    0.1247741935316067E-01    0.4630032515406297E+00    0.1343053308886564E-02   -0.1956432411613154E+00   -0.8105212907237449E-02    0.1427210302133368E+00   -0.1018394140940953E-01
   0.1243012916769358E-02   -0.4395099046022599E-05   -0.7844554071421619E-02    0.3144156543281449E-04    0.6425537477612624E-01   -0.1367017091529673E-03   -0.4411494625827868E+00    0.5037017194195416E-04    0.1774332264583093E+01   -0.1261010286822176E-03   -0.1778687271157032E+01    0.3260891141556978E-02    0.8448097307036239E+00   -0.8977624690175965E-02   -0.6638711832588480E+00   -0.2349036547194835E-02    0.3693116104453642E+00    0.9859478610956950E-02   -0.1502961827032545E+00    0.2391782505529429E-02
  -0.6276246457975308E-03    0.9785790078282856E-06    0.3866169201523796E-02   -0.8099130782494065E-05   -0.3058101177747752E-01    0.7204851860991815E-05    0.1978316035234648E+00    0.3538814336449276E-03   -0.6856719713708944E+00   -0.1180951097034044E-02    0.1058033170252586E+01   -0.3622505130996580E-04   -0.9236721655541064E+00   -0.1048645388837787E-02    0.6894465299486183E+00   -0.3789390590743132E-03   -0.5345277826984568E+00   -0.2794679962994339E-02    0.2405451311093066E+00   -0.2273531089561581E-02
   0.4070935359306333E-03   -0.2497456528817340E-05   -0.2475931796135174E-02    0.1652100354471514E-04    0.1925712350061809E-01   -0.9205426114375847E-04   -0.1215202710516441E+00    0.3267009533211396E-03    0.4024882620456319E+00   -0.1083481989183536E-02   -0.5205441216448380E+00    0.2394254457647181E-02    0.8872769478238913E+00   -0.3071110911220489E-02   -0.9308728851473429E+00    0.5760545430114917E-02    0.4943471260302426E+00    0.1829905157156908E-02   -0.3862132361275032E+00    0.3814817351730563E-02
  -0.2222208579492307E-03    0.1646780265646023E-05    0.1341367959774076E-02   -0.1067461567873746E-04   -0.1033519281020517E-01    0.6262079904535066E-04    0.6439712245649765E-01   -0.2545101668914448E-03   -0.2090732413306220E+00    0.8297215898435755E-03    0.2550869513445376E+00   -0.1556763636661724E-02   -0.3179096699673304E+00    0.1772319468116866E-02    0.7384246128277190E+00   -0.1887128718256733E-02   -0.7065345140278811E+00   -0.2065300685580122E-02    0.4256093702893812E+00   -0.1044752506441228E-01
   0.1445899424723253E-03   -0.7816957315455268E-06   -0.8682768824024344E-03    0.5201659955251939E-05    0.6648882197766482E-02   -0.2740711331206884E-04   -0.4110301232330461E-01    0.8418507127710192E-04    0.1319324248826929E+00   -0.2810043270415168E-03   -0.1563250798774553E+00    0.7069917886272986E-03    0.1704057389573956E+00   -0.8223694217154697E-03   -0.2954749011677129E+00    0.5297676001956282E-03    0.7568636036676625E+00    0.1517242454904368E-02   -0.8521218161953414E+00    0.1361912416270952E-02
