  -0.2633804585155502E-01   -0.8755820479162957E-04   -0.1386187846864464E+00   -0.2564377625500353E-03    0.3112628978364663E-01    0.4752953191473636E-04   -0.1880879249147267E-01   -0.8230929170178567E-03    0.1397159785176364E-01    0.5983952343419901E-03   -0.1754348557953853E-01   -0.1483268129748971E-02    0.2022272103024314E-01    0.3475656364328217E-02    0.4674073920189576E-02   -0.4296769596677238E-02   -0.2703347057032694E-01    0.3851528309499024E-02    0.2439571034553800E-01   -0.2246700108730217E-02
   0.1449847547808623E+00    0.2277818818777200E-04   -0.3614517982432809E-01   -0.2110257096900395E-03   -0.8636656098755580E-01    0.1592492145584962E-03    0.3480338144561219E-01    0.1481582494159559E-02   -0.1115053601869846E-01    0.4694914636865465E-03    0.1145497829978672E-01   -0.3055586680287569E-02   -0.1303216364954341E-01    0.3804949286505682E-02    0.8060238326882160E-03   -0.2828488111596682E-02    0.1355757917585875E-01    0.4946722132646876E-02   -0.9544997740412918E-02   -0.3028175358941385E-02
  -0.7371455901406516E-02    0.7697035788513731E-05    0.1016761113598813E+00   -0.8418626893155062E-04   -0.4593722420217387E-01    0.1830388297226968E-02   -0.1557697103188726E+00   -0.1231755247703911E-02    0.4742756818738868E-01    0.6032558216039060E-03   -0.8500940180163067E-02    0.3614504418167233E-02   -0.2004830082830547E-01    0.1455247125574632E-02    0.9292640219764944E-02   -0.4073209823290139E-02    0.1041716643523799E-01    0.5813433593313153E-02   -0.1709424394431429E-01   -0.3930142367529929E-02
   0.8647911481363783E-03   -0.2972592516807711E-05   -0.8926319777716737E-02    0.2774595429867743E-04    0.1755630512632669E+00   -0.4241094224499429E-03   -0.5505681265912084E-01    0.3037535848296434E-02   -0.1019284620229313E+00   -0.1922029812095015E-04    0.1226355589601764E-02    0.2773140899994363E-02    0.8770624192283288E-01   -0.6194996118456936E-02   -0.4052647158581228E-01    0.2556758651431514E-02   -0.3202408907086271E-01    0.1857109922046479E-02    0.5462963962725553E-01   -0.2436838654098737E-02
  -0.9945697607681783E-04    0.2064698089582206E-08    0.9081555942616337E-03   -0.1215961100142771E-06   -0.1333757132909292E-01    0.3918674044100373E-05    0.1504214034657687E+00    0.9012121768325453E-04   -0.9870086539079610E-01   -0.4106278294575751E-02   -0.6272526095789523E-01    0.4347352988866950E-02   -0.2127083413889868E+00   -0.4264945232678155E-02    0.1730921679240693E+00   -0.5459535548731285E-02   -0.1727037905202157E-01    0.2473920350317656E-02   -0.7530669300161898E-01   -0.1484862844024562E-04
   0.2551544234879674E-04   -0.3421922249030596E-08   -0.2124620729131088E-03    0.5649065849475110E-07    0.2682589226121123E-02   -0.1243422926326394E-05   -0.2164141381908422E-01   -0.1558418491007154E-04    0.2700044125292332E+00    0.5757931894452544E-03   -0.3437352662366207E+00   -0.3507043680649972E-04    0.4617082320043072E+00    0.2657238879335802E-02   -0.4374137999666760E+00    0.4421383494963141E-02    0.1971243774496459E+00    0.4217938218413855E-02    0.1764309722333034E-01   -0.5134680846152479E-02
  -0.1868047290809298E-04    0.3475579719207714E-07    0.1448439707422036E-03   -0.2577519376389253E-06   -0.1652933503810654E-02    0.2874224654301821E-05    0.1127775603761765E-01   -0.4193801389587061E-06   -0.9899217323833008E-01   -0.2565915573792587E-03    0.6657491029056911E+00    0.7239158819528934E-04   -0.1264520030007743E+01   -0.2324261980081896E-02    0.8190645922080898E+00   -0.1656195618565543E-01   -0.5585854962380061E+00    0.2169292328238052E-02    0.2073598440257306E+00    0.4659790059815740E-02
   0.1133433474286363E-04   -0.3727543602775885E-08   -0.8544188975076125E-04    0.2690528671731029E-07    0.9388044441673610E-03   -0.3392626852041260E-06   -0.6048827417106209E-02   -0.7932245790815209E-05    0.4822925147562384E-01    0.1969775835058054E-03   -0.2584005516801458E+00   -0.2973080244328375E-03    0.9986808198701057E+00    0.1438580138373257E-02   -0.9402774620376384E+00    0.4565049336859415E-02    0.6072880478022217E+00    0.1764525564963130E-02   -0.4560026530021583E+00   -0.1097505878856829E-02
  -0.6777987593116139E-05    0.3810299146339569E-07    0.5023225420085556E-04   -0.2796467198657587E-06   -0.5400992677386130E-03    0.3005927722437110E-05    0.3376116945566237E-02   -0.1275747613841685E-04   -0.2575723016805234E-01    0.1980081410567431E-04    0.1276734719846692E+00   -0.4687857143632311E-03   -0.4057338425567737E+00    0.1206625199796695E-02    0.8434801856427170E+00   -0.5442109035867235E-02   -0.9232187206898759E+00    0.6350513350465373E-02    0.4609285687668696E+00   -0.2117823079362816E-02
   0.3403897944012895E-05   -0.4963428369697542E-08   -0.2499762030273162E-04    0.3645061767655264E-07    0.2657827173065549E-03   -0.4048297735904059E-06   -0.1636789503614200E-02   -0.3309286915201617E-06    0.1223908883510524E-01    0.3878403055620865E-04   -0.5881179533856749E-01   -0.2602141369471671E-05    0.1762625917862017E+00    0.8487713147654246E-04   -0.2900699285414053E+00    0.1451742865483829E-02    0.7439792385569370E+00   -0.1466980936902281E-03   -0.5978916910296811E+00   -0.4687166591668977E-02
