  -0.3590958660459217E-01   -0.7814935660756875E-03   -0.1648484623383276E+00    0.4992192934508960E-03    0.4946458464611305E-01    0.9524082487185528E-03   -0.1541019046154686E-01   -0.1567793503740468E-02   -0.2287130304965173E-02    0.2898897208695137E-02    0.2314067645756216E-01   -0.5469834592076238E-02   -0.2946860167829931E-01    0.7072068690933246E-02    0.2927292584902369E-01   -0.4406551161343846E-02   -0.1091717279475046E-01    0.3290773502191038E-02    0.2103349159164766E-02   -0.1277465894935064E-02    0.2226302834604686E-02   -0.1763983765194349E-03
   0.1722867062185835E+00   -0.1005285366385391E-03   -0.5322021600025791E-01    0.1909664215806631E-02   -0.1089413187340603E+00   -0.1465675268870660E-02    0.2374779828699347E-01   -0.1321459142125039E-02    0.2362282283600040E-01    0.5681811902508042E-02   -0.2803664953424037E-01   -0.2038457006559121E-02   -0.2082717564694367E-01    0.1949098585287284E-02    0.3635401748448875E-01   -0.2525973506130105E-02   -0.1530381333551472E-01    0.4001633519577577E-02   -0.1777761707224110E-01   -0.6560406448755856E-02    0.2137186126328737E-01    0.1605780262314967E-02
  -0.1182948442532012E-01    0.3698758139486676E-04    0.1369233285680970E+00   -0.3424662053008772E-03   -0.5813715498282878E-01    0.2639630737165484E-02   -0.6884129863497468E-01   -0.5932546512652977E-02   -0.1401101343358127E+00    0.1490931837732914E-01    0.1844343668491420E+00   -0.1485255879330922E-01   -0.2746575051452276E-01    0.7928597504455220E-02   -0.4496416844453936E-01   -0.4559634617636855E-02    0.2619861390788782E-01    0.8400263728512442E-03    0.3460405171314231E-01   -0.1161143426082156E-02   -0.5104029186064928E-01    0.4886477015120681E-02
   0.1885478913145087E-02    0.8704161423888149E-06   -0.1517653540626170E-01    0.5862461971426966E-05    0.2007623016565355E+00    0.8927386249597651E-04   -0.3134139573348030E+00   -0.2406780074754047E-02    0.5545861439561776E+00    0.8927540722973032E-02   -0.7228342457021603E+00   -0.7618003513081084E-03    0.2943860195711378E+00   -0.4202706908472362E-02   -0.7226714493090901E-01   -0.3825305056327623E-02    0.1551195163140185E-01    0.7274434786404388E-02   -0.9614348604773816E-01    0.6846733862326620E-03    0.1032656553939347E+00   -0.3154989891458349E-03
  -0.1749396493373355E-02    0.2607935285592854E-05    0.1139877505039223E-01   -0.2509241734907251E-04   -0.9929096416597474E-01    0.6524330546975408E-04    0.8031410308452067E+00    0.6432766724699594E-03   -0.1987782301885147E+01   -0.1550921555885451E-02    0.1804828838596429E+01   -0.6586154511180351E-02   -0.9768780736721344E+00    0.8938110234347563E-02    0.6017758847198847E+00    0.6005839669985471E-02   -0.3460564147853088E+00   -0.1433377649783530E-01    0.3383554996523477E+00   -0.4291421586724259E-02   -0.1980905447706385E+00   -0.7135237011783276E-02
   0.1445440185778652E-02    0.2653766350568104E-05   -0.9026712517730927E-02   -0.8880551583949478E-05    0.7304139607909058E-01    0.1788481150816427E-03   -0.4936667956301963E+00   -0.1942100373990598E-02    0.1936036128909390E+01    0.5972302700197401E-02   -0.1954044410528723E+01   -0.2818541927601193E-02    0.9772919694586141E+00   -0.4680925259628406E-02   -0.8025226826683084E+00   -0.7835189814512811E-02    0.5149475183683545E+00    0.1694491348860676E-01   -0.3268900999376891E+00   -0.4402175948065795E-02    0.1222065075527603E+00    0.6800401325244679E-02
  -0.7737251625403885E-03   -0.4484239042878719E-05    0.4720220595835733E-02    0.2324125423725345E-04   -0.3693474927826754E-01   -0.2375489388777886E-03    0.2358501030651154E+00    0.1896231206670727E-02   -0.8028750436084288E+00   -0.5913101738605259E-02    0.1185435490015920E+01    0.4731062874821075E-02   -0.1020895229155537E+01   -0.4512018904581781E-02    0.7924813935680264E+00    0.4090217503960568E-02   -0.6442282616437501E+00   -0.8771851677005796E-02    0.3725769492080241E+00    0.4418149170545605E-02   -0.6651797593500262E-01   -0.9433877387029745E-02
   0.5606363917667768E-03    0.1554275021559311E-05   -0.3376335750275614E-02   -0.6536041777891388E-05    0.2597822990158202E-01    0.9164364251361542E-04   -0.1618866809499114E+00   -0.8545718907215540E-03    0.5274863396985053E+00    0.2534178115977246E-02   -0.6576917174964384E+00   -0.1137670815236983E-02    0.9964557823581944E+00   -0.5786119214027043E-03   -0.1054321926486656E+01    0.2342168826306107E-02    0.6424604461740040E+00    0.6740059521484159E-02   -0.6036696536509952E+00   -0.1049893314920741E-02    0.2715379982402001E+00    0.6719928507346189E-02
  -0.3789829290824268E-03   -0.1141156782999853E-05    0.2263889736912281E-02    0.4966466732539681E-05   -0.1724699686672635E-01   -0.6606212690321578E-04    0.1060791447595888E+00    0.5991715327818253E-03   -0.3387808502080666E+00   -0.1775665234692615E-02    0.3988570898147236E+00    0.8576327910122371E-03   -0.4375138943372242E+00    0.1690885849336927E-03    0.8822434759746351E+00    0.5225512410557728E-03   -0.8967374882875010E+00   -0.5923269419820451E-02    0.7422589995180475E+00   -0.7346098213219181E-02   -0.5199277169109914E+00   -0.4744235501822354E-02
   0.3038820161808224E-03    0.2484372122553121E-05   -0.1806915978413164E-02   -0.1326996662757767E-04    0.1369089420513210E-01    0.1229047733090904E-03   -0.8363205197626525E-01   -0.9029308577550000E-03    0.2645036755129602E+00    0.2744616629950773E-02   -0.3037794025224720E+00   -0.2176889813116071E-02    0.2948036637540184E+00    0.1203371849370517E-02   -0.4476030409723663E+00   -0.2444042126133160E-02    0.9622400532310668E+00    0.6271548971113823E-02   -0.1199262108370922E+01   -0.3241344911597772E-02    0.5686758829031106E+00    0.7411076406481622E-02
  -0.1652497796433760E-03   -0.2037781156048139E-05    0.9805129110332482E-03    0.1127583102905464E-04   -0.7411116823406850E-02   -0.9737500974812312E-04    0.4513627440293557E-01    0.6756043753011294E-03   -0.1421731533250586E+00   -0.2069264549106119E-02    0.1616995732138929E+00    0.1830961819644059E-02   -0.1498975003756186E+00   -0.1221375655331905E-02    0.2090848343700182E+00    0.2095195390274232E-02   -0.3528705484659572E+00   -0.4268234007476136E-02    0.8810902631371412E+00    0.3649725366376908E-02   -0.6188331604724397E+00   -0.8094863583523924E-02
