  -0.2633806026714632E-01   -0.8754961466780973E-04   -0.1386186813389839E+00   -0.2564994614908132E-03    0.3112522077973310E-01    0.4816934420770165E-04   -0.1880241965585020E-01   -0.8269038828152011E-03    0.1392573650866189E-01    0.6257418698678528E-03   -0.1733494432382899E-01   -0.1609285380634574E-02    0.1964494194599020E-01    0.3827695941360976E-02    0.5433801517438947E-02   -0.4779820756020745E-02   -0.2817847696113829E-01    0.4617681830652080E-02    0.2605515005501657E-01   -0.3554948893278705E-02   -0.2882205603695853E-02    0.4272873125100468E-02
   0.1449847583229369E+00    0.2278419577317459E-04   -0.3614520514092497E-01   -0.2110687463299931E-03   -0.8636630012546970E-01    0.1596941795739116E-03    0.3480184131483174E-01    0.1478929943582549E-02   -0.1113961525925952E-01    0.4885920039878651E-03    0.1140549053693886E-01   -0.3142603531289639E-02   -0.1289763714118719E-01    0.4047026810790523E-02    0.6359492925524617E-03   -0.3151967951053936E-02    0.1377150686382638E-01    0.5458571176977563E-02   -0.9688267764378696E-02   -0.3894315446644200E-02   -0.1275375586802475E-02    0.2851429277821133E-02
  -0.7371452409271491E-02    0.7699738428934436E-05    0.1016760859427029E+00   -0.8420536190307506E-04   -0.4593695675611556E-01    0.1830582583226664E-02   -0.1557713337754857E+00   -0.1232892890333140E-02    0.4743948544566933E-01    0.6112846550513332E-03   -0.8557037364734447E-02    0.3579101899506255E-02   -0.1988624769775944E-01    0.1549660670490296E-02    0.9053226779561233E-02   -0.4184035478146182E-02    0.1086081576125015E-01    0.5944458232586019E-02   -0.1807146445417669E-01   -0.4003888530200977E-02    0.4821841110885957E-02   -0.7407821399620265E-03
   0.8647419201672051E-03   -0.2961750654977631E-05   -0.8925962207164080E-02    0.2766732999626804E-04    0.1755592991095162E+00   -0.4232854844641355E-03   -0.5503408214548602E-01    0.3032595157240013E-02   -0.1020949619974020E+00    0.1637262666009682E-04    0.2002314338066767E-02    0.2605024311234583E-02    0.8548850366448546E-01   -0.5716724656118676E-02   -0.3736634072224281E-01    0.1857599354861521E-02   -0.3753009355028361E-01    0.3031615838880751E-02    0.6523396476047788E-01   -0.4640145145868321E-02   -0.4001877841914327E-01    0.8318265469658657E-02
  -0.9943021252421802E-04   -0.2180906995795373E-08    0.9079518148119685E-03   -0.9102806872857139E-07   -0.1333532900220235E-01    0.3600747445272647E-05    0.1504071164039821E+00    0.9200250705509918E-04   -0.9859069963630571E-01   -0.4119565966120833E-02   -0.6326890818655258E-01    0.4409973458500829E-02   -0.2110480224567290E+00   -0.4439981938192611E-02    0.1703896679945012E+00   -0.5205011479335386E-02   -0.1168208318864989E-01    0.2079513591087266E-02   -0.8817874029170478E-01    0.6380857273434680E-03    0.5718145054783768E-01   -0.2212888829122902E-02
   0.2568410809892195E-04    0.1993674205976251E-08   -0.2136448790686371E-03    0.1842209082915207E-07    0.2694532655506924E-02   -0.8589487552955292E-06   -0.2171056135303585E-01   -0.1794199654366318E-04    0.2704856107399611E+00    0.5937810202517467E-03   -0.3458445792661534E+00   -0.1069272520277699E-03    0.4672581264157347E+00    0.2848899552850927E-02   -0.4438360356177544E+00    0.4252067643955535E-02    0.2043600181754086E+00    0.4469134407763206E-02    0.1307905104364811E-01   -0.5300201448557968E-02   -0.2035954431363597E-01   -0.1322698953808905E-02
  -0.1926668520277428E-04    0.1400498849199070E-07    0.1489923126916362E-03   -0.1092921724134147E-06   -0.1695249587951051E-02    0.1344389751225779E-05    0.1152575314813219E-01    0.9122669128034311E-05   -0.1007425753931712E+00   -0.3305129293883426E-03    0.6735618825089852E+00    0.3821432714156345E-03   -0.1285600743887459E+01   -0.3190676663429973E-02    0.8452352370431646E+00   -0.1561081227774806E-01   -0.5937664551834698E+00    0.3892047597715973E-03    0.2501496899988327E+00    0.7780190236037923E-02   -0.5833023172819527E-01   -0.8812208539913366E-02
   0.1217591966904547E-04    0.1194485501959316E-07   -0.9143836699037657E-04   -0.8441655902590144E-07    0.1000437646955604E-02    0.7967301569379061E-06   -0.6413277626735193E-02   -0.1527444660396910E-04    0.5082789002655513E-01    0.2572177887809977E-03   -0.2701451258418634E+00   -0.5296071253710799E-03    0.1030909923380506E+01    0.2085040065093114E-02   -0.9820624049944990E+00    0.4041537961308718E-02    0.6687916669687630E+00    0.2938182940251397E-02   -0.5469586731441333E+00   -0.3139062406306091E-02    0.2252389713805386E+00    0.3732694395875310E-02
  -0.7748049836603290E-05    0.2966262995125757E-07    0.5716846891495138E-04   -0.2198175802713121E-06   -0.6116638146470912E-03    0.2399327416827959E-05    0.3801171376437384E-02   -0.8436208479809491E-05   -0.2880298461800098E-01   -0.2031164050418015E-04    0.1415202884763864E+00   -0.3334407061802757E-03   -0.4440267113192128E+00    0.8218339987986048E-03    0.8940660233711064E+00   -0.5305982063736800E-02   -0.1000306382098495E+01    0.5645955271306800E-02    0.5817921460989796E+00   -0.5592199995196861E-03   -0.3305345519219522E+00   -0.3272025861925066E-02
   0.4054111049563505E-05   -0.4480797409110379E-08   -0.2964758360085454E-04    0.3403425306381172E-07    0.3137654524009801E-03   -0.3948484012564982E-06   -0.1921816572153271E-02   -0.8175888751285262E-06    0.1428163328728484E-01    0.4796487915085731E-04   -0.6809719960408754E-01   -0.1033597006772557E-04    0.2019357658656001E+00    0.1041014345029477E-03   -0.3239473257164650E+00    0.1706551865648279E-02    0.7954162985222064E+00   -0.2930134505969393E-03   -0.6775547078078377E+00   -0.4487266965260193E-02    0.2087558174038943E+00   -0.2822218828992771E-02
  -0.1700427326584153E-05   -0.3238883659320221E-08    0.1235475535021728E-04    0.2270637854671388E-07   -0.1297504626409096E-03   -0.2204218673249221E-06    0.7869604718702197E-03    0.2647343042575835E-05   -0.5776008008870306E-02   -0.3637232544899914E-04    0.2706196447156263E-01    0.8105016371629924E-04   -0.7799996399904562E-01   -0.2558990318773944E-03    0.1145202778075716E+00   -0.3759460389856210E-03   -0.2158001530188268E+00   -0.4161080507500440E-03    0.5375059285060372E+00    0.2077648266382494E-02   -0.5069864378116894E+00   -0.3036728359905691E-02
