  -0.7131036719181273E-01    0.4716099838912339E-02   -0.7153749057601434E-01   -0.7659081837084164E-02   -0.3704379280051706E+00    0.2218877064451047E-01    0.2791781932926661E+00   -0.1180172913955149E-01   -0.7576346431582065E-01    0.9545784444716213E-02    0.1099840349298477E-01   -0.3047742061134743E-02    0.2456453677392747E-02    0.6077811966748985E-03    0.2502574449629484E-01    0.1564086961513797E-02   -0.4890922647603101E-01   -0.8301164529358593E-03    0.2212526974897900E-01   -0.3713175080214122E-02
   0.3047239175873055E+00   -0.3133086235723691E-03   -0.5846220632214895E+00   -0.1845924060318362E-02    0.1664182498034758E+01    0.6071950289683115E-02   -0.1089257793145642E+01   -0.8168505970912791E-02    0.3093631814271143E+00   -0.3920790127568892E-02   -0.1180439018486088E+00   -0.1017279773541543E-01    0.6655917324872732E-01    0.7884633020764892E-02   -0.1076619206839209E+00   -0.5697120747962132E-02    0.1447151652859467E+00   -0.5035975379087111E-03   -0.6954348736492748E-01    0.6347843975817345E-02
  -0.3302426708834165E+00    0.2075997354132542E-02    0.1816967136718764E+01   -0.5194191972141379E-02   -0.5836801431988386E+01    0.1933024001659336E-01    0.3364655064410314E+01    0.4144713313395505E-02   -0.1040411670229939E+01    0.3201937271908462E-01    0.6585867892425803E+00    0.5223961381085901E-02   -0.4468247169182749E+00   -0.5776798566010885E-02    0.3539984365292370E+00    0.7182235404732640E-02   -0.3024164696247643E+00    0.4167049225177129E-02    0.1096888060334714E+00   -0.3974067188713780E-02
   0.1783115008588202E+00   -0.2715955013559770E-03   -0.9094843506821128E+00   -0.1516821842349317E-02    0.3459854797781111E+01    0.5240229685366630E-02   -0.2083752744101707E+01   -0.1491263646518477E-01    0.5097748713663119E+00   -0.1217783036019243E-01   -0.4907399638320225E+00   -0.1416346084016183E-01    0.4256862502977256E+00    0.5451273180726192E-02   -0.2700586370695875E+00   -0.6569168228441929E-02    0.1236462505483136E+00   -0.1474606680488315E-03   -0.1528823094489644E-01    0.1403665261599449E-02
  -0.5086612126165330E-01    0.1681363364774589E-03    0.2526788555022979E+00   -0.6434896924743176E-05   -0.8965100981748230E+00    0.6510371364527889E-04    0.7736867084566209E+00    0.2588020515974884E-02   -0.3939421168511433E+00    0.5048719017003800E-02    0.3183052254084774E+00    0.3970318158020777E-02   -0.4215277635920920E+00    0.4055998619724093E-02    0.2395461137541564E+00    0.2893597261242102E-02   -0.1052231341195896E-01   -0.1166581033861055E-02   -0.3068347227606497E-01   -0.4240675422626728E-02
   0.3544768520144972E-01   -0.2290869659438578E-04   -0.1730233021528768E+00   -0.4588120963453018E-03    0.5956632627249318E+00    0.1533734157862310E-02   -0.4133781104227237E+00   -0.2744769986241520E-02    0.5692843932883968E+00   -0.1792671654268182E-02   -0.8683341274761709E+00   -0.6848654556607961E-02    0.6391964636811606E+00   -0.7341818138410273E-02   -0.4917408468979239E+00   -0.2786162907180451E-02    0.2188045183244058E+00    0.6280145379041540E-02   -0.2456085524864762E-01   -0.7375318425843964E-02
  -0.2752698974097774E-01    0.3551636043174801E-04    0.1334298122763179E+00    0.2702936603275725E-03   -0.4547074159882166E+00   -0.8874849464472977E-03    0.2978873573493057E+00    0.1872042433201765E-02   -0.2479203047782252E+00    0.1672029247382138E-02    0.8572479144347948E+00    0.2785231307554652E-02   -0.8961147957676409E+00    0.3192888886105917E-02    0.5743777957932286E+00    0.4371335866985373E-02   -0.5373714693300893E+00   -0.1111908539073423E-02    0.1887497353674729E+00    0.3542371058568527E-02
   0.1988187718365188E-01   -0.1250802658469383E-03   -0.9600222039736098E-01    0.2837832845569941E-03    0.3254800301818160E+00   -0.9823529943338676E-03   -0.2077797997029903E+00   -0.3082512914249482E-03    0.1372693642065767E+00   -0.1830018264713946E-02   -0.3401350312465103E+00   -0.3805874303564380E-03    0.8083949892484371E+00   -0.3413800001348329E-02   -0.9353180584784462E+00    0.3464786764117374E-02    0.6729753131845696E+00   -0.3751342198002737E-02   -0.3359819141159975E+00   -0.1189001649212510E-02
  -0.1325022243490255E-01    0.4222192467248339E-04    0.6386559624800593E-01    0.9302627720918430E-05   -0.2160349192780474E+00   -0.1591822067243087E-04    0.1364263600537578E+00    0.6243188277155274E-03   -0.8150876747009066E-01    0.9633928381745484E-03    0.1780156825753073E+00    0.7607963549508000E-03   -0.3312390901146515E+00    0.9013641667466191E-03    0.8694266111066369E+00    0.5142807717834029E-03   -0.8656933341649973E+00   -0.3057760687748520E-02    0.2324482253739539E+00   -0.1905284220528154E-02
   0.5022286675213303E-02    0.1463105564605913E-04   -0.2418134159950251E-01   -0.1509222250194630E-03    0.8169143475928986E-01    0.5032809196736728E-03   -0.5128180613766094E-01   -0.5462238690646685E-03    0.2898286824700127E-01   -0.1970615111768841E-03   -0.5927153895260413E-01   -0.6041319718529926E-03    0.1011596197248616E+00    0.2434124226734116E-03   -0.2078256665967241E+00   -0.1160171085582376E-02    0.5273672544728422E+00    0.2493336784717916E-02   -0.3759214232393870E+00   -0.6237899728363240E-02
