  -0.7396335337299152E-01    0.4690828366798085E-02   -0.5890757290904704E-01   -0.7497259433994762E-02   -0.4125822644649665E+00    0.2165561936377444E-01    0.3043203633424495E+00   -0.1137344299810243E-01   -0.8402276042625301E-01    0.9665885804354565E-02    0.1840956868291362E-01   -0.2952276801662626E-02   -0.4521064397520064E-02    0.6700597886277965E-03    0.3185917923711244E-01    0.1357870300441917E-02   -0.5555816035143921E-01   -0.2492411065036418E-03    0.2881842931606590E-01   -0.5307355697631536E-02   -0.1711416092403533E-01    0.6754435202493977E-02
   0.3174007008248604E+00    0.7491596354896274E-03   -0.6449552174024884E+00   -0.7105061250263847E-02    0.1865502194661018E+01    0.2359774409042912E-01   -0.1209304631650876E+01   -0.1917440351388934E-01    0.3488178604494930E+00   -0.1443059865648077E-02   -0.1531799409097729E+00   -0.1365334813931502E-01    0.9946028426541108E-01    0.1077797852863169E-01   -0.1394656528902932E+00   -0.8480800223904414E-02    0.1749363027111541E+00    0.1488666463911194E-02   -0.9711889980298996E-01    0.5493971453711713E-02    0.5903216176353467E-01   -0.3375002622410333E-03
  -0.3727314176814654E+00   -0.1218286640638668E-02    0.2019178461617252E+01    0.1116433923200642E-01   -0.6511498369398278E+01   -0.3518385430732637E-01    0.3766884733073717E+01    0.3852545507131901E-01   -0.1172104715729633E+01    0.2446998947829410E-01    0.7746312569532297E+00    0.1638754470218813E-01   -0.5539773181780652E+00   -0.1523234758491573E-01    0.4547198214131803E+00    0.1666191809649532E-01   -0.3932581763962480E+00   -0.3311097320724957E-02    0.1764211350830930E+00    0.1811030418608058E-02   -0.9444347833651068E-01   -0.1119763227329473E-01
   0.2035002338033332E+00    0.1809747920962803E-02   -0.1029356287764171E+01   -0.1182513332853194E-01    0.3859805787238574E+01    0.3959207330011188E-01   -0.2322150214994047E+01   -0.3650101271104393E-01    0.5876833542406555E+00   -0.7338973518068986E-02   -0.5589593733494127E+00   -0.2102010465116097E-01    0.4881519429729910E+00    0.1118173322021932E-01   -0.3277070134032499E+00   -0.1210267488575263E-01    0.1736696510950499E+00    0.3839505519310372E-02   -0.4476808758524531E-01   -0.3619406174113788E-03    0.1307474991565268E-01   -0.1121383101999130E-02
  -0.5891647883170321E-01   -0.4521205178695235E-03    0.2909959816331551E+00    0.3073694958165938E-02   -0.1024372737959147E+01   -0.1019671619612970E-01    0.8499473349170105E+00    0.9056068182560474E-02   -0.4190570822254381E+00    0.3662626516180124E-02    0.3407906896629130E+00    0.5971016326714463E-02   -0.4426247244970727E+00    0.2466211060458433E-02    0.2598170309358321E+00    0.4332274731703167E-02   -0.2916023445139245E-01   -0.1965376115082827E-02   -0.1698093815678250E-01   -0.4642644594054326E-02   -0.1456554003828641E-01    0.3934014035079163E-02
   0.4226878595652019E-01    0.5075074819785385E-03   -0.2055037040920777E+00   -0.3092836784394123E-02    0.7040992709361119E+00    0.1031332169294301E-01   -0.4781739801238813E+00   -0.8285693782823454E-02    0.5911724728146864E+00   -0.5549147833019807E-03   -0.8892899676676930E+00   -0.8718119605296872E-02    0.6602687348121943E+00   -0.5714480971826545E-02   -0.5141874054701492E+00   -0.4552452875827769E-02    0.2422628400432625E+00    0.7928419485461314E-02   -0.4852719238754656E-01   -0.9375053189412331E-02    0.3752456808231636E-01    0.5970910540792922E-02
  -0.3376931400465599E-01   -0.3947597150894464E-03    0.1631710409418451E+00    0.2417985204459053E-02   -0.5540554200722371E+00   -0.8043975014857974E-02    0.3573943243417030E+00    0.6416525163588868E-02   -0.2686484649417769E+00    0.7263607283169767E-03    0.8786567117590133E+00    0.4296342447617176E-02   -0.9192379626321300E+00    0.1954279770787631E-02    0.6015680543062886E+00    0.5692768390454848E-02   -0.5693083265164984E+00   -0.2240953648441364E-02    0.2311471461498270E+00    0.4647167156019217E-02   -0.9557368373703282E-01   -0.2559949998116365E-02
   0.2539750481074381E-01    0.1538539216724959E-03   -0.1223041055951717E+00   -0.1130725729387119E-02    0.4134157319910091E+00    0.3724966085569517E-02   -0.2606448185325917E+00   -0.3350579222092829E-02    0.1565402913304398E+00   -0.1359645344560974E-02   -0.3621550193041495E+00   -0.1277201723469310E-02    0.8342813097907805E+00   -0.2894795646802987E-02   -0.9691645518536101E+00    0.3063641217951674E-02    0.7175925855175835E+00   -0.3828325271964387E-02   -0.4095321118228378E+00   -0.4469674905641617E-04    0.2115686422388887E+00   -0.5406173458326310E-02
  -0.1741863183737121E-01   -0.1446756076053892E-03    0.8375263140622974E-01    0.9639928927856410E-03   -0.2825563921174758E+00   -0.3190242749198816E-02    0.1764992612188591E+00    0.2690765805046873E-02   -0.9648095487087327E-01    0.7055063565621523E-03    0.1959748265852672E+00    0.1298474700641915E-02   -0.3531089060777389E+00    0.7180682299299695E-03    0.8991186628207479E+00    0.5071928382844153E-03   -0.9061557776599340E+00   -0.2517032085256548E-02    0.3021811876536639E+00   -0.3850822676889596E-02   -0.2050304534902178E+00    0.8251396689781178E-02
   0.6718975130293885E-02    0.1013980835940012E-03   -0.3227745730503744E-01   -0.5907143672975123E-03    0.1087782265695654E+00    0.1967258886976797E-02   -0.6761199155368004E-01   -0.1492594426186270E-02    0.3514502423152293E-01   -0.4541013238751118E-04   -0.6679189038689078E-01   -0.8967835950769284E-03    0.1104149289207301E+00    0.4223321877870794E-03   -0.2204876404107607E+00   -0.1330008034550693E-02    0.5446405971726832E+00    0.2556677878902945E-02   -0.4053348182127942E+00   -0.6100964870411902E-02    0.8320988283919055E-01   -0.6885222600757331E-03
  -0.3520008099214499E-02   -0.6908239699760757E-04    0.1689620115062969E-01    0.3859672879345352E-03   -0.5688799857776765E-01   -0.1287576955823805E-02    0.3520877003376775E-01    0.9390439615661445E-03   -0.1752687185195276E-01   -0.4786410060000522E-04    0.3151026599601607E-01    0.5787290778208071E-03   -0.4922580232591957E-01   -0.4053629943687699E-03    0.8770818612236539E-01    0.9214439308645513E-03   -0.1628580604066260E+00   -0.1486047475495074E-02    0.5258593317256901E+00    0.2758484314834812E-02   -0.5057841752439188E+00   -0.4217566890795155E-02
